$ 1 0.000005 10.20027730826997 50 5 43 5e-11
34 zener-12 1 1.7143528192810002e-7 0 2.0000000000000084 11 1
d 240 112 128 112 2 zener-12
r 240 112 352 112 0 5600
r 352 112 352 208 0 3300
t 384 112 448 112 0 1 0.5673743775275799 0.6757452440293328 100 default
w 384 112 352 112 0
w 352 208 416 208 0
w 448 128 448 208 0
w 448 208 416 208 0
R 448 208 448 288 0 0 40 -10.9 0 0 0.5
w 448 96 448 48 0
R 128 112 128 192 0 0 40 5 0 0 0.5
r 448 48 544 48 0 470
t 544 48 624 48 0 -1 -0.6746351841074604 -0.6798346129748741 100 default
g 624 64 624 112 0 0
r 624 -80 624 0 0 1000
w 624 0 624 32 0
R 624 -80 624 -144 0 0 40 5 0 0 0.5
